0, 0.00, 0.00
1, 0.00, 0.00
2, 0.00, 0.00
3, 0.00, 0.00
0, 0.00, 0.00
1, 0.00, 0.00
2, 0.00, 0.00
3, 0.00, 0.00
0, 0.00, 0.00
1, 0.00, 0.00
2, 0.00, 0.00
3, 0.00, 0.00
0, 0.00, 0.00
1, 0.00, 0.00
2, 0.00, 0.00
3, 0.00, 0.00
0, 0.00, 0.00
1, 0.00, 0.00
2, 0.00, 0.00
3, 0.00, 0.00
0, 0.00, 0.00
1, 0.00, 0.00
2, 0.00, 0.00
3, 0.00, 0.00
0, 0.00, 0.00
1, 0.00, 0.00
2, 0.00, 0.00
3, 0.00, 0.00
0, 0.00, 0.00
1, 0.00, 0.00
2, 0.00, 0.00
3, 0.00, 0.00
0, 0.00, 0.00
1, 0.00, 0.00
2, 0.00, 0.00
3, 0.00, 0.00
0, 0.00, 0.00
1, 0.00, 0.00
2, 0.00, 0.00
3, 0.00, 0.00
0, 0.00, 0.00
1, 0.00, 0.00
2, 0.00, 0.00
3, 0.00, 0.00
0, 0.00, 0.00
1, 0.00, 0.00
2, 0.00, 0.00
3, 0.00, 0.00
0, 0.00, 0.00
1, 0.00, 0.00
2, 0.00, 0.00
3, 0.00, 0.00
0, 0.00, 0.00
1, 0.00, 0.00
2, 0.00, 0.00
3, 0.00, 0.00
0, 0.00, 0.00
1, 0.00, 0.00
2, 0.00, 0.00
3, 0.00, 0.00
0, 0.00, 0.00
1, 0.00, 0.00
2, 0.00, 0.00
3, 0.00, 0.00
0, 0.00, 0.00
1, 0.00, 0.00
2, 0.00, 0.00
3, 0.00, 0.00
0, 0.00, 0.00
1, 0.00, 0.00
2, 0.00, 0.00
3, 0.00, 0.00
0, 0.00, 0.00
1, 0.00, 0.00
2, 0.00, 0.00
3, 0.00, 0.00
0, 0.00, 0.00
1, -793642.10, -68823.74
2, 0.00, 0.00
3, 0.00, 0.00
0, 0.00, 0.00
1, 0.00, 0.00
2, 0.00, 0.00
3, 0.00, 0.00
0, 0.00, 0.00
1, 0.00, 0.00
2, 0.00, 0.00
3, 0.00, 0.00
0, 0.00, 0.00
1, 0.00, 0.00
2, 0.00, 0.00
3, 0.00, 0.00
0, 4884.96, 421.52
1, 0.00, 0.00
2, 0.00, 0.00
3, 508.67, 45.43
0, 5118.81, 441.50
1, 0.00, 0.00
2, 3625.52, 330.67
3, 1537.54, 134.67
0, 5119.78, 441.76
1, 0.00, 0.00
2, 4932.13, 448.85
3, 1549.23, 135.78
0, 5125.50, 442.19
1, 0.00, 0.00
2, 5037.93, 458.98
3, 1568.33, 138.24
0, 5124.42, 442.02
1, 0.00, 0.00
2, 4902.07, 445.36
3, 1620.07, 141.04
0, 5117.10, 441.73
1, 0.00, 0.00
2, 5159.51, 469.79
3, 1530.82, 134.79
0, 5127.10, 442.39
1, 0.00, 0.00
2, 5173.92, 471.45
3, 1534.98, 133.97
0, 5128.34, 442.48
1, 0.00, 0.00
2, 5093.33, 463.51
3, 1516.40, 132.30
0, 5113.30, 441.28
1, 0.00, 0.00
2, 5279.73, 480.86
3, 1517.79, 132.45
0, 5117.33, 441.38
1, 0.00, 0.00
2, 5359.60, 488.08
3, 1548.89, 134.87
0, 5123.28, 441.77
1, 0.00, 0.00
2, 5417.37, 492.88
3, 1580.07, 139.16
0, 5126.70, 442.24
1, 0.00, 0.00
2, 5102.65, 463.69
3, 1562.95, 135.80
0, 5109.05, 440.98
1, 0.00, 0.00
2, 5145.44, 469.44
3, 1625.31, 142.47
0, 5121.99, 441.85
1, 0.00, 0.00
2, 5121.93, 466.40
3, 1622.52, 141.65
0, 5128.91, 442.48
1, 0.00, 0.00
2, 5103.80, 465.24
3, 1540.20, 135.07
0, 5116.14, 441.35
1, 0.00, 0.00
2, 5114.24, 465.14
3, 1551.18, 135.24
0, 5106.30, 440.72
1, 0.00, 0.00
2, 5047.99, 458.71
3, 1611.15, 142.41
0, 5125.97, 442.24
1, 0.00, 0.00
2, 5152.75, 468.36
3, 1569.86, 135.99
0, 5123.14, 442.12
1, 0.00, 0.00
2, 5117.84, 465.71
3, 1549.48, 136.59
0, 5118.16, 441.53
1, 0.00, 0.00
2, 5119.60, 465.36
3, 1560.75, 136.40
0, 5110.24, 440.87
1, 0.00, 0.00
2, 5168.55, 470.58
3, 1543.30, 137.32
0, 5123.11, 441.94
1, 0.00, 0.00
2, 4986.08, 453.93
3, 1587.08, 140.19
0, 5130.32, 442.80
1, 0.00, 0.00
2, 4944.51, 449.24
3, 1654.09, 144.75
0, 5112.07, 441.04
1, 0.00, 0.00
2, 5347.99, 487.56
3, 1547.81, 136.32
0, 5116.63, 441.62
1, 0.00, 0.00
2, 5193.91, 472.94
3, 1553.08, 136.24
0, 5125.53, 442.55
1, 0.00, 0.00
2, 5097.78, 464.40
3, 1526.58, 133.79
0, 5120.46, 441.97
1, 0.00, 0.00
2, 5102.53, 464.59
3, 1559.54, 139.43
0, 5111.94, 440.79
1, 0.00, 0.00
2, 5157.86, 470.04
3, 1570.18, 138.56
0, 5115.94, 441.11
1, 0.00, 0.00
2, 4898.72, 444.71
3, 1540.18, 134.68
0, 5130.58, 442.97
1, 0.00, 0.00
2, 5338.50, 485.46
3, 1538.30, 135.09
0, 5122.20, 441.92
1, 0.00, 0.00
2, 5107.71, 464.78
3, 1509.69, 131.89
0, 5105.92, 440.75
1, 0.00, 0.00
2, 5122.14, 466.63
3, 1604.18, 139.93
0, 5124.38, 441.95
1, 0.00, 0.00
2, 5128.96, 466.11
3, 1590.57, 139.71
0, 5124.95, 442.09
1, 0.00, 0.00
2, 5119.21, 466.87
3, 1538.84, 135.68
0, 5119.36, 441.90
1, 0.00, 0.00
2, 5075.10, 461.99
3, 1571.99, 137.06
0, 5109.46, 440.82
1, 0.00, 0.00
2, 5158.22, 470.55
3, 1537.34, 133.76
0, 5127.13, 442.13
1, 0.00, 0.00
2, 5068.78, 461.72
3, 1551.44, 134.86
0, 5120.50, 441.55
1, 0.00, 0.00
2, 5168.62, 469.90
3, 1595.03, 138.95
0, 5117.66, 441.67
1, 0.00, 0.00
2, 5117.65, 465.99
3, 1634.08, 143.49
0, 5112.95, 440.99
1, 0.00, 0.00
2, 5094.63, 464.05
3, 1598.74, 140.55
0, 5123.61, 442.07
1, 0.00, 0.00
2, 5146.11, 469.26
3, 1611.69, 140.29
0, 5127.64, 442.14
1, 0.00, 0.00
2, 4975.84, 452.17
3, 1551.98, 135.66
0, 5110.41, 440.73
1, 0.00, 0.00
2, 4731.26, 429.89
3, 1595.62, 140.36
0, 5117.03, 440.98
1, 0.00, 0.00
2, 5337.71, 485.58
3, 1459.32, 127.01
0, 5125.06, 441.87
1, 0.00, 0.00
2, 5213.31, 475.54
3, 1608.35, 140.48
0, 5120.91, 441.81
1, 0.00, 0.00
2, 5063.11, 460.27
3, 1534.76, 133.90
0, 5111.63, 441.15
1, 0.00, 0.00
2, 5386.21, 491.06
3, 1597.27, 139.39
0, 5117.62, 441.44
1, 0.00, 0.00
2, 5103.73, 464.78
3, 1620.90, 141.38
0, 5126.70, 442.25
1, 0.00, 0.00
2, 5085.27, 462.34
3, 1599.55, 138.86
0, 5120.51, 441.57
1, 0.00, 0.00
2, 5038.28, 458.26
3, 1588.38, 138.54
0, 5109.82, 440.55
1, 0.00, 0.00
2, 5087.20, 462.63
3, 1582.81, 138.18
0, 5120.13, 441.48
1, 0.00, 0.00
2, 5168.05, 470.43
3, 1585.38, 137.05
0, 5114.36, 441.27
1, 0.00, 0.00
2, 5187.19, 472.39
3, 1555.75, 135.88
0, 5134.28, 443.05
1, 0.00, 0.00
2, 5154.95, 468.69
3, 1522.58, 131.51
0, 5105.93, 440.44
1, 0.00, 0.00
2, 5120.60, 466.92
3, 1599.54, 139.14
0, 5117.29, 441.45
1, 0.00, 0.00
2, 4946.07, 450.57
3, 1613.18, 140.88
0, 5127.45, 442.41
1, 0.00, 0.00
2, 5202.89, 473.12
3, 1531.16, 133.24
0, 4924.85, 424.49
1, 0.00, 0.00
2, 4995.70, 453.69
3, 1574.12, 137.85
0, 5039.49, 435.09
1, 0.00, 0.00
2, 5058.56, 461.15
3, 1586.09, 137.74
0, 5098.88, 439.69
1, 0.00, 0.00
2, 5103.36, 464.39
3, 1546.80, 134.23
0, 5123.28, 442.08
1, 0.00, 0.00
2, 5087.14, 462.36
3, 1610.22, 140.53
0, 5114.81, 441.49
1, 0.00, 0.00
2, 4920.24, 448.45
3, 1589.55, 139.05
0, 5124.92, 442.34
1, 0.00, 0.00
2, 4533.24, 411.68
3, 1551.54, 134.87
0, -322014.24, -27780.81
1, 994.38, 85.95
2, 4663.46, 423.57
3, 1539.71, 133.79
0, 0.00, 0.00
1, 6688.22, 577.50
2, 4777.08, 434.64
3, 1636.83, 143.40
0, 0.00, 0.00
1, 6747.91, 582.40
2, 4649.21, 423.19
3, 1592.35, 137.24
0, 0.00, 0.00
1, 6677.86, 576.65
2, 4777.67, 433.99
3, 1611.93, 141.13
0, 0.00, 0.00
1, 6448.72, 556.46
2, 4846.88, 441.86
3, 1570.09, 136.47
0, 0.00, 0.00
1, 7087.32, 612.24
2, 4770.77, 433.58
3, 1530.51, 133.80
0, 0.00, 0.00
1, 7348.13, 634.44
2, 4888.98, 444.68
3, 1462.28, 127.33
0, 0.00, 0.00
1, 7342.48, 634.44
2, 5047.81, 459.00
3, 1530.70, 132.95
0, 0.00, 0.00
1, 7234.76, 625.00
2, 5198.41, 472.81
3, 1544.68, 133.88
0, 0.00, 0.00
1, 7227.85, 624.13
2, 5514.15, 501.83
3, 1583.70, 138.12
0, 0.00, 0.00
1, 6666.86, 575.79
2, 5258.68, 478.84
3, 1557.78, 134.27
0, 0.00, 0.00
1, 6563.61, 566.98
2, 5075.14, 461.71
3, 1570.27, 136.46
0, 0.00, 0.00
1, 6635.83, 573.23
2, 5231.35, 476.24
3, 1586.74, 138.93
0, 0.00, 0.00
1, 6516.97, 562.09
2, 5119.26, 465.67
3, 1667.65, 144.38
0, 0.00, 0.00
1, 6359.09, 548.80
2, 5110.59, 465.28
3, 1554.89, 135.18
0, 0.00, 0.00
1, 7201.50, 621.62
2, 4909.12, 447.10
3, 1597.13, 138.07
0, 0.00, 0.00
1, 6735.26, 581.28
2, 5033.59, 457.23
3, 1524.15, 133.73
0, 0.00, 0.00
1, 6823.26, 589.01
2, 5156.68, 469.09
3, 1616.93, 139.86
0, 0.00, 0.00
1, 6933.28, 599.00
2, 5090.64, 463.06
3, 1528.40, 133.49
0, 0.00, 0.00
1, 7652.90, 660.76
2, 5116.76, 465.43
3, 1487.44, 129.30
0, 0.00, 0.00
1, 7275.11, 628.80
2, 5043.39, 458.17
3, 1484.31, 130.93
0, 0.00, 0.00
1, 6644.61, 572.98
2, 5127.70, 466.59
3, 1538.15, 135.13
0, 0.00, 0.00
1, 7290.96, 629.79
2, 5178.15, 471.29
3, 1509.20, 131.92
0, 0.00, 0.00
1, 6760.53, 583.53
2, 4955.14, 451.10
3, 1537.23, 133.74
0, 0.00, 0.00
1, 6857.57, 591.86
2, 4953.19, 449.97
3, 1529.13, 131.60
0, 0.00, 0.00
1, 6184.49, 533.81
2, 4906.51, 445.83
3, 1483.94, 129.18
0, 0.00, 0.00
1, 6843.03, 590.81
2, 5274.33, 479.99
3, 1462.80, 127.47
0, 0.00, 0.00
1, 6987.04, 603.37
2, 4940.77, 448.96
3, 1515.23, 133.68
0, 0.00, 0.00
1, 6897.35, 595.60
2, 4775.47, 434.94
3, 1523.82, 131.97
0, 0.00, 0.00
1, 6953.32, 600.51
2, 4729.93, 429.46
3, 1571.55, 136.26
0, 0.00, 0.00
1, 6777.31, 585.11
2, 5151.86, 467.97
3, 1555.73, 135.84
0, 0.00, 0.00
1, 6675.90, 576.10
2, 4584.01, 416.66
3, 1569.51, 135.63
0, 0.00, 0.00
1, 6527.01, 563.43
2, 4970.60, 451.54
3, 1599.30, 139.99
0, 0.00, 0.00
1, 6727.64, 580.73
2, 4757.81, 433.08
3, 1571.52, 138.57
0, 0.00, 0.00
1, 6549.84, 565.67
2, 4803.12, 436.05
3, 1579.40, 137.92
0, 0.00, 0.00
1, 6174.94, 532.44
2, 4947.85, 450.27
3, 1605.20, 140.55
0, 0.00, 0.00
1, 5799.99, 501.00
2, 5425.01, 493.55
3, 1577.72, 137.19
0, 0.00, 0.00
1, 7124.09, 614.73
2, 5140.45, 467.52
3, 1563.21, 137.03
0, 0.00, 0.00
1, 6541.34, 564.14
2, 4907.84, 446.12
3, 1536.03, 132.85
0, 0.00, 0.00
1, 4859.92, 419.14
2, 5182.34, 471.06
3, 1579.56, 138.37
0, 0.00, 0.00
1, 0.00, 0.00
2, 5476.61, 498.19
3, 719.15, 62.50
0, 0.00, 0.00
1, 0.00, 0.00
2, 784.55, 71.72
3, 0.00, 0.00
0, 0.00, 0.00
1, 0.00, 0.00
2, 0.00, 0.00
3, 0.00, 0.00
0, 0.00, 0.00
1, 0.00, 0.00
2, 0.00, 0.00
3, 0.00, 0.00

Monitoring stopped by user.
